1 3 10
2 5 8
1 1 0
9999 9999 0
9999 10000 0
1 1 100
9999 9999 100
9999 10000 100
798 7043 96
28 9131 19
135 229 48
156 293 11
205 7646 69
46 6556 25
786 8876 92
797 1343 27
630 9444 35
570 4014 21
72 3897 63
650 2858 35
787 1989 57
316 3709 95
722 3737 53
729 2548 58
94 5328 65
715 8618 11
318 6677 92
937 6952 60
723 9882 27
176 3063 61
809 1263 38
867 3094 19
666 2324 3
859 2254 86
482 3344 30
971 3593 14
582 1911 67
361 2383 82
905 1619 13
978 5902 98
819 4208 39
723 8669 25
675 2041 68
15 9624 78
34 3484 57
329 1421 16
391 9445 76
207 8138 24
160 6300 66
93 125 65
609 1544 36
745 9356 67
488 3737 55
615 9100 77
12 1142 87
327 8156 99
979 8557 94
629 8600 51
580 3103 23
431 2992 28
6 2179 17
951 1001 53
881 8321 0
683 7456 34
125 4990 97
425 5274 69
974 1194 95
318 3021 49
88 4134 90
969 6929 86
186 3894 0
612 5280 89
259 9846 32
512 3767 72
295 7338 77
852 4382 70
840 7165 30
34 3520 49
507 9176 66
355 7770 17
518 4755 42
124 7481 58
254 543 19
477 8071 3
365 8083 78
494 4692 8
679 3656 34
679 3437 25
426 1580 8
211 772 1
758 1074 28
902 7470 66
576 3263 100
730 5329 4
71 6734 56
707 9168 18
773 8227 6
480 8729 66
284 4129 89
924 1745 81
214 2532 96
578 739 30
532 5356 13
854 9977 42
528 4124 58
162 1569 63
0 0 0

