10 60
111110000011110000001110000011011110011100111111111111100000
111100000011100000110111100111001111111111111000001111000000
111000001101111001110011111111111110000011110000001110000011
011110011100111111111111100000111100000011100000110111100111
001111111111111000001111000000111000001101111001110011111111
111110000011110000001110000011011110011100111111111111100000
111100000011100000110111100111001111111111111000001111000000
111000001101111001110011111111111110000011110000001110000011
011110011100111111111111100000111100000011100000110111100111
001111111111111000001111000000111000001101111001110011111111
1
1 1 10 60
5 10 8 20
10 50 2 40
