50

5 5
2 8 12 10 24
2 6 11 26 24

5 5
2 4 7 8 29
2 2 16 29 9

7 5
2 2 7 3 12 5 4
2 5 6 5 8

9 8
2 8 17 2 26 6 10 55 66
2 5 13 15 11 4 15 10

12 7
2 3 2 27 22 29 51 33 34 74 40 93
2 7 10 21 5 31 12

13 9
2 2 18 12 33 11 53 7 41 51 47 11 37
2 4 11 20 4 24 38 8 2

15 23
2 7 9 8 23 26 58 19 53 47 85 9 53 55 28
2 9 8 6 14 29 39 15 65 74 38 13 16 30 127 19 76 139 72 148 64 141 168

21 11
2 2 7 4 27 39 17 34 10 63 74 74 60 99 107 51 133 75 166 17 83
2 4 6 16 17 33 22 37 10 64 43

14 16
2 3 11 24 2 18 54 32 71 28 66 7 23 45
2 4 16 7 32 37 52 2 40 14 44 65 28 129 55 61

25 17
2 7 8 7 39 8 9 67 34 52 51 4 75 120 19 95 32 160 48 92 173 138 218 107 90
2 7 12 2 6 15 25 13 18 69 26 56 111 68 107 7 46

20 22
2 6 17 18 33 6 31 11 42 58 84 38 105 36 127 105 148 13 24 111
2 4 13 26 31 43 5 39 20 48 37 21 85 67 55 52 91 107 87 54 139 143

6 10
2 4 17 6 10 5
2 5 8 11 2 43 47 3 30 81

36 44
2 7 5 12 29 39 47 11 42 22 8 62 15 21 25 100 105 130 18 21 125 8 28 146 174 29 194 59 72 283 189 295 142 100 151 91
2 9 15 28 15 41 46 58 23 13 5 107 39 49 128 2 50 28 56 17 72 12 111 101 20 128 78 255 108 146 158 32 12 125 276 89 311 139 11 268 278 312 63 151

32 48
2 4 4 19 18 45 9 48 60 8 16 24 10 77 122 19 132 74 163 29 13 186 2 24 226 182 112 52 24 78 220 73
2 8 8 19 24 33 14 59 65 25 17 27 3 89 127 2 31 122 59 136 113 80 45 129 182 163 231 34 83 127 94 171 89 246 338 204 45 188 71 128 31 384 293 243 71 361 279 90

13 29
2 5 16 7 38 45 3 47 70 61 21 32 46
2 6 15 6 24 17 12 46 50 80 28 59 50 89 92 127 18 89 8 101 194 86 162 196 55 193 93 49 173

20 48
2 9 8 5 31 42 18 13 43 63 16 33 86 98 108 30 33 168 95 15
2 8 3 3 12 41 6 12 59 89 55 47 35 122 112 78 151 78 66 53 143 201 57 58 233 39 254 188 126 235 251 273 91 85 148 235 168 222 309 7 363 374 217 18 14 397 304 26

6 52
2 9 11 16 18 23
2 2 15 2 32 45 5 9 32 34 48 40 35 55 136 103 94 111 23 139 126 28 202 200 2 238 241 15 67 78 55 288 210 148 224 92 11 65 305 341 299 322 27 103 401 125 238 33 234 221 425 60

49 44
2 7 19 27 18 2 36 60 69 83 10 21 91 22 46 25 98 117 154 168 112 133 59 213 131 208 114 19 65 184 250 155 49 104 234 316 186 27 14 234 354 93 7 355 235 294 450 411 153
2 9 5 22 4 4 57 50 63 45 31 86 92 5 57 79 87 38 135 134 75 126 216 177 101 61 16 116 155 211 240 161 182 149 9 336 132 104 160 61 288 89 25 202

68 38
2 3 10 27 23 38 56 55 50 23 54 50 87 44 119 24 62 160 152 120 79 75 74 90 55 133 248 105 268 88 220 17 47 264 272 270 57 264 247 53 307 107 361 407 410 313 35 68 161 64 18 381 501 378 29 332 493 235 27 132 441 465 209 580 32 48 263 463
2 6 18 22 24 16 16 31 74 49 50 14 2 8 17 133 83 31 130 182 109 69 7 69 74 11 40 163 197 12 200 62 297 278 230 21 168 266

72 50
2 9 16 19 2 49 8 41 20 89 84 70 20 71 86 141 128 133 140 163 138 160 211 120 209 167 198 254 36 157 156 34 8 231 61 84 76 53 44 6 363 178 95 17 367 69 103 271 426 73 444 418 9 465 166 385 153 230 319 179 21 326 475 40 7 389 218 123 232 272 569 23
2 8 2 3 8 3 6 35 71 89 92 93 2 57 41 133 16 152 125 59 107 5 201 209 160 72 4 191 56 80 250 308 247 119 109 303 126 293 340 372 334 284 161 276 228 305 88 464 283 447

42 36
2 2 15 24 30 43 4 15 21 42 51 53 77 10 40 120 5 107 25 55 197 197 36 32 213 203 14 254 192 199 280 135 313 97 201 311 100 255 312 199 201 387
2 3 9 12 9 3 41 23 10 80 18 88 66 72 119 92 126 137 124 161 177 131 144 136 116 91 180 191 255 186 17 223 87 132 337 266

73 53
2 3 4 8 2 30 34 66 67 30 41 41 29 120 40 28 73 55 113 38 69 22 210 97 17 155 180 107 38 259 91 66 210 177 138 102 311 342 377 300 327 242 119 104 198 342 174 431 93 193 38 326 296 160 434 497 129 530 47 581 537 120 509 290 463 567 186 482 511 555 134 24 305
2 6 16 6 30 15 55 43 22 61 91 102 85 43 112 18 2 39 161 173 189 72 205 222 83 70 46 243 207 132 291 137 222 90 315 164 301 174 337 259 272 35 34 239 182 396 124 226 461 271 472 492 20

42 13
2 9 11 12 28 27 34 10 64 85 50 61 21 3 67 23 96 37 50 6 75 14 142 169 163 47 118 243 139 178 40 15 286 190 45 338 171 306 66 307 153 246
2 6 8 7 17 7 16 5 57 30 58 94 97

68 88
2 2 5 12 16 38 44 47 38 84 55 26 43 103 61 22 124 111 156 70 139 202 24 225 33 11 31 185 245 188 164 28 273 55 210 33 191 313 290 375 83 227 258 323 216 145 331 204 18 32 165 69 444 47 434 523 84 180 296 286 314 56 160 533 327 265 344 287
2 8 7 16 29 26 56 30 43 25 86 87 14 110 10 5 74 23 166 65 172 58 157 226 132 103 72 254 278 231 234 67 289 175 196 269 136 210 187 139 344 291 302 418 77 245 289 13 132 231 364 430 439 451 148 28 552 317 196 441 434 422 582 354 564 206 55 246 131 508 127 247 154 409 87 331 452 386 71 773 680 445 137 713 97 758 783 805

74 42
2 4 5 14 21 37 30 33 72 4 22 107 83 23 53 108 104 36 49 165 13 166 165 201 195 18 36 233 194 185 18 39 306 208 137 323 283 77 218 14 355 175 47 42 136 140 409 27 104 294 188 462 458 335 25 209 221 117 141 9 246 195 171 454 587 472 47 379 118 596 481 309 335 648
2 6 3 14 21 28 42 37 46 38 3 97 119 32 129 24 153 58 63 21 117 183 54 42 179 125 18 239 236 199 48 192 271 327 54 234 170 349 307 268 269 336

80 29
2 7 17 23 20 17 8 23 25 66 4 87 97 17 7 70 128 142 102 188 112 91 183 156 219 178 126 250 39 50 76 284 151 23 16 194 230 168 201 175 114 179 154 7 119 227 273 99 142 487 381 142 495 166 304 50 14 94 312 474 533 348 246 308 535 316 578 374 393 662 411 577 373 42 5 24 481 156 19 213
2 2 17 17 7 5 2 57 18 52 94 58 25 64 102 24 36 127 148 40 60 14 217 143 18 217 104 2 93

89 86
2 2 7 13 24 42 32 8 73 68 20 61 70 46 116 27 98 98 80 20 72 158 209 99 211 183 203 102 151 140 51 107 218 68 182 84 302 337 186 67 199 191 121 262 253 265 157 353 167 73 205 291 81 450 262 82 55 421 528 521 485 431 416 10 269 439 178 491 540 673 119 143 420 386 707 475 275 48 18 172 429 763 785 38 264 827 95 613 417
2 3 8 12 27 21 22 36 14 51 28 10 38 45 125 94 11 9 15 36 89 23 82 217 106 105 211 38 270 122 56 235 98 140 274 279 267 100 131 383 395 201 63 45 342 405 211 159 274 74 11 125 471 105 290 450 176 448 496 357 474 414 158 614 583 238 339 278 503 451 58 456 252 221 432 681 534 167 16 162 444 346 20 61 73 700

9 96
2 2 14 15 9 10 11 5 43
2 8 3 18 15 28 12 21 16 3 79 87 44 117 74 6 33 152 8 110 149 53 110 37 3 42 50 32 272 172 290 190 210 77 280 51 171 148 190 289 371 164 155 33 241 357 102 340 91 150 378 376 167 328 342 181 342 300 217 221 404 161 135 490 288 221 515 353 371 200 493 526 98 710 614 519 321 498 745 234 524 215 702 474 704 538 677 308 205 366 279 569 194 82 608 644

34 99
2 8 18 25 9 43 9 7 73 74 62 63 115 50 117 131 18 103 23 145 176 25 94 187 135 187 257 131 99 93 267 121 39 263
2 8 2 12 2 17 27 52 39 66 4 25 42 49 38 89 138 23 112 61 75 95 42 118 74 64 240 99 243 283 161 250 93 39 203 95 307 172 280 382 253 100 248 7 35 4 300 271 109 146 446 260 59 215 220 429 149 342 161 244 501 70 448 3 173 311 60 360 372 148 149 97 202 297 216 127 703 286 732 202 451 381 694 88 620 350 602 177 637 241 387 528 793 881 875 622 651 52 67

40 43
2 8 18 27 17 10 30 24 28 51 72 15 58 62 112 134 96 104 149 127 49 202 98 58 59 181 120 118 249 257 251 292 251 147 275 100 341 147 40 376
2 4 2 25 12 28 17 56 7 19 69 94 46 3 60 28 13 146 27 151 109 140 27 21 210 2 44 176 156 126 183 238 248 59 65 139 262 29 169 65 190 275 397

95 62
2 2 17 25 12 38 7 51 57 42 57 5 64 25 15 104 157 158 116 80 182 20 39 152 77 120 143 159 121 46 100 260 286 248 11 294 332 320 176 155 390 9 118 61 146 44 445 352 40 326 92 434 182 189 178 521 543 97 464 131 22 219 585 250 213 410 621 611 279 657 199 319 714 221 346 70 265 520 690 198 20 300 220 794 83 465 319 37 684 625 248 768 764 285 409
2 9 13 6 27 44 11 30 62 15 67 86 73 15 34 102 41 46 2 175 38 114 8 161 169 33 69 21 223 177 198 258 63 199 254 102 94 221 12 354 44 29 408 332 368 17 86 351 15 166 223 154 62 69 137 545 330 136 112 118 388 518

60 12
2 4 17 3 8 2 23 12 31 22 80 37 117 63 93 4 149 27 31 127 116 87 40 3 97 33 170 73 229 162 278 304 152 11 167 62 247 26 268 292 236 175 127 23 194 332 304 297 12 219 498 400 254 391 485 384 74 89 123 195
2 2 17 21 12 40 28 57 66 76 7 32

8 13
2 2 14 15 2 34 30 24
2 3 15 10 14 20 36 52 44 37 47 9 85

129 62
2 8 7 2 33 21 24 24 56 6 65 20 44 60 116 134 42 153 10 73 79 72 31 217 56 113 245 105 214 92 276 266 120 86 318 343 177 316 270 195 45 295 415 205 237 182 92 159 447 216 225 184 12 228 340 242 334 143 345 286 239 358 175 410 388 143 379 501 542 679 507 101 710 178 490 391 344 164 3 493 692 670 180 62 326 106 124 486 223 546 675 590 310 140 608 122 459 540 145 425 527 418 814 424 537 451 949 879 179 392 855 562 658 393 344 931 593 263 721 658 727 260 438 19 248 1183 581 30 709
2 2 19 12 17 28 22 12 49 86 71 20 18 54 136 87 87 61 170 124 34 185 156 39 194 193 52 208 226 173 280 197 315 112 291 58 300 140 34 65 196 88 363 50 74 230 265 356 271 197 160 45 495 337 464 471 92 292 357 572 537 512

104 14
2 6 4 7 8 34 29 45 76 83 48 57 90 94 100 40 49 26 80 144 51 195 68 138 119 234 149 227 23 283 274 188 125 231 143 279 333 232 374 62 144 123 221 254 177 425 236 163 459 418 77 68 408 164 450 247 256 248 135 230 445 259 400 455 416 387 422 346 321 217 122 685 590 685 565 739 668 731 564 456 420 692 252 250 162 665 753 572 427 538 316 194 176 62 441 906 347 114 930 495 171 638 872 613
2 9 12 2 20 3 11 22 23 63 68 73 61 105

64 86
2 6 7 28 17 25 56 60 12 66 66 62 81 59 69 139 44 18 71 131 190 133 204 164 194 199 249 140 116 48 241 267 131 210 169 86 282 232 70 94 250 35 414 49 362 127 206 89 200 152 50 414 189 170 111 445 319 16 393 421 514 66 284 21
2 3 8 25 11 4 58 7 62 85 93 105 71 29 79 114 71 63 92 39 154 170 172 24 111 112 147 178 99 94 35 32 97 207 36 236 235 58 185 125 89 350 358 222 425 347 25 50 249 131 346 175 282 476 479 513 317 569 14 94 147 435 34 538 110 454 318 199 24 95 318 669 191 656 570 611 289 531 141 560 708 101 496 326 320 721

11 60
2 8 2 17 35 15 29 39 49 56 97
2 2 14 22 30 28 24 52 26 73 91 105 48 50 127 74 156 108 94 181 106 171 104 56 188 85 39 7 181 252 67 214 86 136 139 280 294 233 324 160 200 155 317 356 275 100 392 11 62 382 221 448 151 21 374 111 396 445 519 417

80 67
2 2 19 2 31 39 34 42 79 68 50 21 35 14 40 132 81 56 38 77 63 107 137 200 35 172 12 11 83 174 42 34 74 240 118 111 323 367 213 339 157 149 132 301 221 218 35 20 4 17 2 307 442 5 111 500 389 274 445 137 554 455 189 154 279 169 499 17 302 428 128 466 305 362 419 370 450 702 179 101
2 5 19 26 36 26 56 32 63 70 75 90 40 128 91 66 80 145 27 39 179 209 151 49 8 227 110 38 151 280 271 298 82 242 51 64 2 275 372 200 271 347 94 363 213 36 171 407 307 100 50 70 257 29 156 359 84 280 241 88 331 483 112 13 77 333 635

103 31
2 7 14 3 24 4 56 27 34 69 17 19 27 3 86 120 81 120 35 75 140 107 213 187 184 184 8 85 5 159 247 84 30 79 19 114 200 176 168 318 29 103 206 253 224 70 371 209 392 67 305 344 472 270 368 406 358 290 3 2 348 255 272 406 90 155 17 408 289 537 313 315 210 235 602 464 457 735 234 373 216 469 185 822 9 71 834 600 90 878 506 806 261 66 774 877 487 207 258 303 240 935 382
2 2 18 12 3 29 51 63 68 88 34 21 44 5 71 17 43 117 173 101 137 10 99 205 19 55 91 263 150 263 252

34 85
2 6 6 19 35 27 44 63 39 8 99 56 91 120 23 13 81 42 62 98 138 144 79 149 81 238 181 59 256 125 133 118 44 61
2 3 17 10 25 19 48 51 46 36 40 82 29 107 13 77 24 163 35 104 74 32 27 111 101 216 157 197 195 125 253 164 54 288 126 225 251 220 4 123 150 204 281 105 368 284 432 146 193 327 420 54 382 257 535 317 463 430 372 322 559 415 578 117 238 558 402 305 9 620 539 345 674 192 449 178 703 759 446 282 285 132 802 513 25

114 69
2 8 15 11 30 18 8 50 13 80 69 79 84 102 27 149 137 38 167 44 78 208 116 135 131 109 49 205 98 51 37 14 115 288 209 80 11 210 182 160 184 49 226 206 177 289 325 241 193 479 121 474 375 79 351 448 100 534 568 220 369 77 259 359 263 82 421 182 630 251 515 325 309 365 509 434 226 57 535 196 590 239 46 201 148 525 60 253 545 406 181 531 773 66 754 106 309 91 323 875 182 894 232 373 443 618 678 227 965 1001 669 109 188 375
2 4 17 14 20 4 44 42 23 87 43 46 77 70 29 10 147 68 140 115 135 72 214 41 232 163 174 131 125 79 134 36 263 155 45 302 127 73 228 88 256 90 120 373 326 429 347 215 100 15 100 295 345 516 90 239 179 208 237 194 575 211 109 88 324 452 440 399 57

7 21
2 7 5 4 20 45 53
2 5 16 25 6 24 56 54 28 26 3 41 68 70 138 3 85 29 104 49 63

105 44
2 8 15 2 33 46 2 9 11 29 18 29 43 40 105 81 90 147 16 142 55 44 20 95 56 180 30 10 277 55 130 268 55 262 302 340 110 106 207 134 155 393 189 220 257 311 288 82 296 276 124 145 360 142 58 50 352 2 420 50 311 441 32 18 391 298 560 325 322 521 359 485 656 641 628 398 668 318 396 752 384 102 366 180 4 168 767 313 795 149 693 198 588 735 667 671 935 661 747 639 111 846 860 975 303
2 8 3 21 24 11 12 10 69 50 45 92 52 16 57 119 59 118 98 134 33 153 119 208 66 84 163 87 199 125 27 224 186 214 188 338 22 350 195 21 264 170 183 344

117 144
2 2 11 28 2 5 13 19 63 43 55 53 76 123 90 54 74 163 124 58 199 120 202 5 55 64 17 157 167 23 129 52 71 75 102 29 282 14 212 67 141 182 337 416 69 201 74 139 136 238 463 209 140 38 262 124 184 455 399 139 577 485 3 6 470 34 298 242 618 146 104 39 242 717 439 487 176 359 654 677 785 50 702 6 550 19 488 344 274 877 621 503 584 177 352 200 273 956 889 893 908 799 928 797 250 738 162 276 159 201 109 469 1059 198 397 1137 205
2 7 19 9 22 26 55 13 19 17 93 4 7 46 7 85 33 104 170 135 34 5 202 229 76 43 6 39 199 111 156 308 162 127 302 181 351 341 362 39 32 109 15 193 436 71 276 59 405 307 63 271 106 497 86 344 486 505 75 220 248 517 342 81 584 288 144 67 647 14 122 237 73 632 64 493 87 527 199 260 732 582 217 4 323 621 558 549 144 665 725 49 706 44 794 496 60 378 605 100 228 388 619 869 100 486 347 1065 551 982 575 565 508 938 273 1089 749 843 412 348 968 610 363 544 586 85 780 768 201 37 688 425 169 636 878 1331 988 999 1098 449 425 27 714 291

110 88
2 6 3 2 19 37 16 25 24 52 73 69 28 89 16 7 138 23 37 28 81 198 150 195 157 117 142 44 211 210 288 74 142 263 132 45 144 114 102 274 364 265 359 214 403 235 279 9 388 458 485 179 89 263 442 248 172 259 26 523 169 218 103 139 587 83 279 327 641 129 511 89 679 42 79 136 383 142 95 349 51 124 603 404 633 433 562 505 576 822 180 527 627 427 335 728 460 214 360 685 597 655 582 540 302 747 714 273 547 1019
2 9 2 13 24 38 4 65 74 19 30 79 47 103 120 88 2 142 74 126 42 73 22 160 213 32 142 268 179 89 220 254 146 48 84 220 183 272 72 65 398 316 254 295 73 100 104 302 77 58 398 501 130 482 93 79 9 7 392 180 407 434 598 293 478 572 16 295 533 478 177 47 256 703 240 63 222 528 615 437 207 280 48 217 256 666 698 391

51 89
2 5 4 6 8 24 49 26 70 18 81 18 87 32 110 61 111 109 27 181 7 204 58 37 4 63 53 194 176 113 114 28 96 118 51 278 346 172 179 344 74 288 222 186 223 406 437 132 14 224 265
2 7 16 6 38 46 55 67 53 45 94 93 70 93 37 95 3 132 155 146 124 95 145 157 27 142 163 102 130 53 182 97 182 48 71 110 77 111 100 62 264 188 255 128 261 224 53 431 454 476 337 207 500 174 6 471 6 253 278 264 135 246 78 581 583 495 418 388 242 588 458 369 368 499 421 524 89 563 681 418 279 110 599 217 309 243 625 419 552

6 92
2 5 3 28 15 16
2 5 7 6 30 7 42 43 67 17 26 93 97 125 138 81 109 33 38 48 92 75 121 143 177 164 35 195 22 13 186 250 121 145 9 99 60 265 276 327 353 282 23 80 196 197 99 441 16 239 243 100 230 107 52 205 227 283 94 79 287 194 388 182 317 489 203 221 178 673 565 451 211 556 337 321 189 266 354 522 29 318 498 253 155 152 687 830 714 637 700 711

148 56
2 3 17 29 24 41 59 23 24 45 80 44 34 126 81 77 28 57 140 148 130 90 55 126 223 46 70 28 222 183 226 256 30 60 155 214 121 180 271 311 317 404 199 158 56 108 421 398 62 17 275 234 283 228 338 140 128 183 57 30 144 505 206 375 281 137 553 228 386 173 567 101 559 688 301 29 579 720 193 249 244 516 351 527 395 365 708 581 562 711 348 573 236 244 898 728 668 839 972 278 32 454 231 391 314 977 932 613 799 990 926 1009 452 591 1085 373 541 1047 1129 631 514 977 798 240 65 1210 1172 53 306 911 533 1268 235 1309 1302 645 1178 878 1099 1309 360 159 395 1345 199 1446 1000 318
2 3 9 23 15 10 4 15 10 60 46 31 10 101 129 69 80 146 93 53 50 185 38 203 146 86 232 141 263 122 233 189 131 133 190 22 173 212 266 63 379 38 341 87 213 210 406 465 180 153 440 340 467 107 445 133

91 71
2 8 12 26 27 25 34 60 71 80 70 16 34 125 7 134 138 30 167 104 9 124 140 106 59 130 11 216 100 240 23 234 308 73 70 42 134 248 366 207 315 302 159 363 100 448 362 324 119 195 133 206 340 405 36 511 180 566 97 258 204 164 520 617 467 602 117 461 179 171 300 438 222 142 575 388 208 297 98 603 379 515 7 259 557 424 748 263 246 375 243
2 6 13 11 33 26 9 12 9 14 86 45 20 8 41 16 88 84 63 130 165 184 162 19 57 89 245 151 162 99 32 283 309 279 90 75 323 141 127 118 230 209 250 338 137 25 98 127 453 334 412 399 430 6 514 428 387 283 391 277 564 328 310 61 95 4 106 635 211 202 283

95 144
2 7 10 23 5 38 56 36 32 66 9 105 102 11 81 97 88 66 146 130 46 136 64 136 84 174 61 60 246 98 163 198 174 251 105 121 32 65 123 272 320 299 293 2 382 404 360 307 337 360 205 111 497 383 183 211 328 480 45 328 451 345 478 435 56 557 110 64 321 355 515 85 304 704 565 531 371 629 32 278 374 413 183 321 439 579 250 241 667 386 621 624 91 78 201
2 9 15 29 36 20 29 49 31 89 35 107 32 44 60 80 92 148 62 18 53 29 23 60 208 118 216 257 107 239 49 176 44 125 2 76 255 121 23 233 92 201 250 397 251 42 245 438 91 133 268 158 404 435 508 442 461 242 470 158 431 225 503 336 614 355 188 10 342 548 23 80 611 77 545 472 557 109 510 560 710 480 623 247 765 55 435 171 96 7 19 377 311 510 17 605 109 196 555 595 492 44 590 27 861 7 151 667 630 916 595 405 624 132 194 566 88 575 537 248 129 604 539 6 367 905 89 1030 83 97 1182 675 599 1320 150 981 937 1299 554 314 371 361 125 790
