101
40
5 25 4 18 39 32 21 30 33 35 2 36 19 37 29 15 23 22 9 10 31 27 28 7 14 8 26 13 3 12 1 24 6 17 34 16 40 20 11 38
40
1 7 35 13 31 40 22 24 25 18 37 11 12 21 9 15 29 26 34 27 5 4 10 14 23 30 6 2 32 36 3 17 28 20 38 19 33 39 8 16
40
15 13 19 16 30 6 23 8 38 3 25 9 39 1 29 26 5 18 27 36 31 20 4 17 28 10 33 12 11 2 22 14 24 34 7 32 35 37 21 40
40
25 21 17 10 14 3 38 27 15 32 37 13 40 12 16 30 6 26 7 35 18 28 23 5 11 24 39 33 34 2 31 20 1 19 22 36 29 8 9 4
40
8 9 24 5 39 19 25 29 10 40 27 18 37 2 14 35 11 3 38 12 26 30 21 36 31 6 1 15 23 33 22 7 28 34 17 4 16 13 32 20
40
39 36 38 12 5 28 35 14 23 13 7 9 20 24 33 18 17 16 21 27 37 26 25 22 2 19 10 32 31 4 29 1 11 8 34 40 6 30 3 15
40
31 29 9 37 33 34 40 10 13 11 14 21 3 22 19 15 1 30 32 27 5 18 16 2 20 35 6 17 39 23 26 36 7 28 12 24 4 38 25 8
40
39 9 11 29 36 21 13 34 17 1 15 16 30 23 5 19 10 3 35 7 24 38 4 20 26 32 12 2 6 22 40 14 8 37 31 27 18 25 33 28
